0.4 0.0 7.0
0.4 0.0 14.0
0.4 0.0 21.0
0.4 0.0 28.0
0.4 0.0 35.0
0.4 0.0 42.0
0.4 0.0877760987413 47.0
0.4 0.146293497902 52.0
0.4 0.204810897063 55.0
0.4 0.263328296224 57.0
0.4 0.321845695385 59.0
0.4 0.380363094546 59.0
0.4 0.424251143916 59.0
0.4 0.424251143916 59.0
0.4 0.409621794126 59.0
0.4 0.409621794126 59.0
0.4 0.424251143916 59.0
0.4 0.424251143916 59.0
0.4 0.409621794126 59.0
0.4 0.409621794126 59.0
0.4 0.424251143916 58.0
0.4 0.409621794126 58.0
0.4 0.409621794126 58.0
0.4 0.409621794126 58.0
0.4 0.409621794126 59.0
0.4 0.409621794126 59.0
0.4 0.409621794126 59.0
0.4 0.409621794126 59.0
0.4 0.409621794126 59.0
0.4 0.424251143916 58.0
0.4 0.409621794126 58.0
0.4 0.409621794126 58.0
0.4 0.409621794126 58.0
0.4 0.409621794126 58.0
0.4 0.409621794126 59.0
0.4 0.409621794126 59.0
0.4 0.409621794126 59.0
0.4 0.424251143916 58.0
0.4 0.409621794126 58.0
0.4 0.409621794126 58.0
0.4 0.409621794126 58.0
0.4 0.409621794126 58.0
0.4 0.409621794126 58.0
0.4 0.409621794126 58.0
0.4 0.409621794126 58.0
0.4 0.409621794126 58.0
0.4 0.409621794126 58.0
0.4 0.409621794126 58.0
0.4 0.409621794126 58.0
0.4 0.409621794126 58.0
0.4 0.409621794126 58.0
0.4 0.409621794126 59.0
0.4 0.409621794126 59.0
