0.4 0.0 16.0
0.4 0.0 32.0
0.4 0.0 47.0
0.4 0.0 63.0
0.4 0.128892949694 73.0
0.4 0.386678849081 74.0
0.4 0.580018273621 67.0
0.4 0.644464748468 57.0
0.4 0.515571798774 53.0
0.4 0.386678849081 53.0
0.4 0.257785899387 59.0
0.4 0.257785899387 65.0
0.4 0.386678849081 65.0
0.4 0.515571798774 60.0
0.4 0.386678849081 61.0
0.4 0.386678849081 62.0
0.4 0.386678849081 62.0
0.4 0.386678849081 63.0
0.4 0.386678849081 63.0
0.4 0.386678849081 64.0
0.4 0.386678849081 65.0
0.4 0.386678849081 65.0
0.4 0.515571798774 61.0
0.4 0.515571798774 56.0
0.4 0.386678849081 57.0
0.4 0.386678849081 57.0
0.4 0.322232374234 60.0
0.4 0.322232374234 64.0
0.4 0.386678849081 64.0
0.4 0.451125323927 62.0
0.4 0.386678849081 63.0
0.4 0.386678849081 63.0
0.4 0.386678849081 64.0
0.4 0.451125323927 62.0
0.4 0.451125323927 60.0
0.4 0.386678849081 60.0
0.4 0.386678849081 61.0
0.4 0.386678849081 62.0
0.4 0.386678849081 62.0
0.4 0.386678849081 63.0
0.4 0.386678849081 63.0
0.4 0.451125323927 61.0
0.4 0.386678849081 62.0
0.4 0.386678849081 62.0
0.4 0.386678849081 63.0
0.4 0.386678849081 64.0
0.4 0.386678849081 64.0
0.4 0.451125323927 62.0
0.4 0.386678849081 63.0
0.4 0.386678849081 63.0
0.4 0.451125323927 61.0
0.4 0.386678849081 62.0
0.4 0.386678849081 62.0
0.4 0.386678849081 63.0
0.4 0.386678849081 64.0
0.4 0.386678849081 64.0
0.4 0.515571798774 60.0
0.4 0.386678849081 60.0
0.4 0.386678849081 61.0
0.4 0.386678849081 61.0
0.4 0.386678849081 62.0
0.4 0.386678849081 62.0
0.4 0.386678849081 63.0
0.4 0.386678849081 64.0
0.4 0.386678849081 64.0
0.4 0.451125323927 62.0
0.4 0.451125323927 60.0
0.4 0.386678849081 61.0
0.4 0.386678849081 61.0
0.4 0.386678849081 62.0
0.4 0.386678849081 63.0
0.4 0.386678849081 63.0
0.4 0.386678849081 64.0
0.4 0.386678849081 64.0
0.4 0.515571798774 60.0
0.4 0.386678849081 60.0
0.4 0.386678849081 61.0
0.4 0.386678849081 61.0
0.4 0.386678849081 62.0
0.4 0.386678849081 63.0
