0.4 0.0 55.0
0.4 0.0 80.0
0.4 0.0 90.0
0.4 0.0585173991609 90.0
0.4 0.117034798322 90.0
0.4 0.175552197483 90.0
0.4 0.248698946434 90.0
0.4 0.321845695385 90.0
0.4 0.380363094546 90.0
0.4 0.438880493706 90.0
0.4 0.497397892867 90.0
0.4 0.555915292028 90.0
0.4 0.614432691189 87.0
0.4 0.67295009035 80.0
0.4 0.67295009035 75.0
0.4 0.67295009035 69.0
0.4 0.614432691189 68.0
0.4 0.555915292028 70.0
0.4 0.526656592448 69.0
0.4 0.541285942238 63.0
0.4 0.526656592448 60.0
0.4 0.468139193287 62.0
0.4 0.438880493706 63.0
0.4 0.453509843497 59.0
0.4 0.468139193287 54.0
0.4 0.409621794126 58.0
0.4 0.380363094546 61.0
0.4 0.409621794126 58.0
0.4 0.438880493706 53.0
0.4 0.394992444336 56.0
0.4 0.365733744755 60.0
0.4 0.380363094546 59.0
0.4 0.424251143916 54.0
0.4 0.409621794126 54.0
0.4 0.380363094546 57.0
0.4 0.351104394965 61.0
0.4 0.380363094546 60.0
0.4 0.424251143916 55.0
