0.4 0.0 6.0
0.4 0.0 12.0
0.4 0.0 18.0
0.4 0.0 24.0
0.4 0.0 30.0
0.4 0.0 36.0
0.4 0.0 42.0
0.4 0.0 48.0
0.4 0.128892949694 52.0
0.4 0.257785899387 55.0
0.4 0.257785899387 57.0
0.4 0.322232374234 58.0
0.4 0.386678849081 58.0
0.4 0.386678849081 58.0
0.4 0.386678849081 58.0
0.4 0.386678849081 59.0
0.4 0.386678849081 59.0
0.4 0.386678849081 59.0
0.4 0.386678849081 59.0
0.4 0.386678849081 60.0
0.4 0.386678849081 60.0
0.4 0.386678849081 60.0
0.4 0.451125323927 59.0
0.4 0.386678849081 60.0
0.4 0.386678849081 60.0
0.4 0.386678849081 60.0
0.4 0.386678849081 60.0
0.4 0.386678849081 61.0
0.4 0.386678849081 61.0
0.4 0.386678849081 61.0
0.4 0.451125323927 60.0
0.4 0.386678849081 61.0
0.4 0.386678849081 61.0
0.4 0.386678849081 61.0
0.4 0.386678849081 61.0
0.4 0.386678849081 62.0
0.4 0.451125323927 61.0
0.4 0.515571798774 59.0
0.4 0.386678849081 59.0
0.4 0.386678849081 60.0
0.4 0.386678849081 60.0
0.4 0.386678849081 60.0
0.4 0.386678849081 60.0
0.4 0.386678849081 61.0
0.4 0.451125323927 60.0
0.4 0.386678849081 60.0
0.4 0.386678849081 60.0
0.4 0.386678849081 60.0
0.4 0.386678849081 61.0
0.4 0.386678849081 61.0
0.4 0.386678849081 61.0
0.4 0.386678849081 61.0
0.4 0.386678849081 62.0
0.4 0.515571798774 60.0
0.4 0.451125323927 59.0
0.4 0.386678849081 59.0
0.4 0.386678849081 60.0
0.4 0.386678849081 60.0
0.4 0.386678849081 60.0
0.4 0.451125323927 59.0
0.4 0.386678849081 60.0
0.4 0.386678849081 60.0
0.4 0.386678849081 60.0
0.4 0.386678849081 60.0
0.4 0.386678849081 61.0
0.4 0.451125323927 60.0
0.4 0.386678849081 60.0
0.4 0.451125323927 59.0
0.4 0.386678849081 60.0
0.4 0.386678849081 60.0
0.4 0.386678849081 60.0
0.4 0.386678849081 60.0
0.4 0.386678849081 61.0
0.4 0.386678849081 61.0
0.4 0.386678849081 61.0
0.4 0.451125323927 60.0
0.4 0.386678849081 61.0
0.4 0.386678849081 61.0
0.4 0.451125323927 60.0
0.4 0.451125323927 59.0
0.4 0.386678849081 60.0
0.4 0.386678849081 60.0
0.4 0.386678849081 60.0
0.4 0.386678849081 60.0
0.4 0.451125323927 59.0
0.4 0.386678849081 60.0
0.4 0.386678849081 60.0
0.4 0.386678849081 60.0
0.4 0.386678849081 60.0
0.4 0.386678849081 61.0
0.4 0.386678849081 61.0
0.4 0.515571798774 59.0
0.4 0.386678849081 59.0
0.4 0.386678849081 60.0
0.4 0.386678849081 60.0
0.4 0.386678849081 60.0
0.4 0.386678849081 60.0
0.4 0.386678849081 61.0
0.4 0.451125323927 60.0
0.4 0.386678849081 60.0
0.4 0.451125323927 59.0
0.4 0.386678849081 60.0
0.4 0.386678849081 60.0
0.4 0.386678849081 60.0
0.4 0.386678849081 60.0
0.4 0.386678849081 61.0
0.4 0.386678849081 61.0
0.4 0.386678849081 61.0
0.4 0.451125323927 60.0
0.4 0.386678849081 61.0
