0.4 0.0 20.0
0.4 0.0 39.0
0.4 0.0 58.0
0.4 0.0 78.0
0.4 0.0585173991609 90.0
0.4 0.117034798322 90.0
0.4 0.175552197483 90.0
0.4 0.234069596643 90.0
0.4 0.321845695385 90.0
0.4 0.380363094546 90.0
0.4 0.438880493706 88.0
0.4 0.497397892867 84.0
0.4 0.555915292028 76.0
0.4 0.614432691189 66.0
0.4 0.614432691189 56.0
0.4 0.555915292028 48.0
0.4 0.468139193287 45.0
0.4 0.380363094546 47.0
0.4 0.336475045175 50.0
0.4 0.292586995804 55.0
0.4 0.321845695385 59.0
0.4 0.351104394965 61.0
0.4 0.409621794126 61.0
0.4 0.438880493706 59.0
0.4 0.438880493706 57.0
0.4 0.409621794126 57.0
0.4 0.380363094546 58.0
0.4 0.394992444336 58.0
0.4 0.409621794126 58.0
0.4 0.409621794126 58.0
0.4 0.409621794126 57.0
0.4 0.409621794126 57.0
0.4 0.394992444336 57.0
0.4 0.380363094546 58.0
0.4 0.380363094546 59.0
0.4 0.409621794126 59.0
0.4 0.409621794126 59.0
0.4 0.424251143916 58.0
0.4 0.409621794126 57.0
0.4 0.409621794126 57.0
0.4 0.394992444336 57.0
0.4 0.380363094546 58.0
0.4 0.380363094546 59.0
0.4 0.409621794126 59.0
0.4 0.409621794126 59.0
0.4 0.409621794126 58.0
0.4 0.409621794126 58.0
0.4 0.409621794126 58.0
0.4 0.409621794126 57.0
0.4 0.409621794126 57.0
0.4 0.380363094546 58.0
0.4 0.380363094546 59.0
0.4 0.409621794126 59.0
0.4 0.424251143916 58.0
0.4 0.409621794126 57.0
0.4 0.394992444336 58.0
0.4 0.380363094546 59.0
0.4 0.409621794126 58.0
0.4 0.424251143916 57.0
0.4 0.409621794126 57.0
0.4 0.380363094546 58.0
0.4 0.394992444336 58.0
0.4 0.409621794126 58.0
0.4 0.409621794126 57.0
0.4 0.409621794126 57.0
0.4 0.380363094546 58.0
0.4 0.394992444336 59.0
0.4 0.409621794126 58.0
0.4 0.409621794126 58.0
0.4 0.409621794126 57.0
0.4 0.409621794126 57.0
0.4 0.380363094546 58.0
0.4 0.380363094546 59.0
0.4 0.409621794126 59.0
0.4 0.409621794126 58.0
0.4 0.409621794126 58.0
0.4 0.409621794126 58.0
0.4 0.409621794126 57.0
0.4 0.409621794126 57.0
0.4 0.380363094546 58.0
0.4 0.380363094546 59.0
0.4 0.409621794126 59.0
0.4 0.409621794126 58.0
0.4 0.409621794126 58.0
0.4 0.409621794126 58.0
0.4 0.409621794126 57.0
0.4 0.409621794126 57.0
0.4 0.394992444336 57.0
0.4 0.380363094546 58.0
0.4 0.380363094546 59.0
0.4 0.409621794126 59.0
0.4 0.424251143916 58.0
0.4 0.409621794126 58.0
0.4 0.409621794126 57.0
0.4 0.409621794126 57.0
0.4 0.380363094546 58.0
0.4 0.409621794126 57.0
0.4 0.409621794126 57.0
0.4 0.380363094546 58.0
0.4 0.394992444336 59.0
0.4 0.409621794126 58.0
0.4 0.409621794126 58.0
